{
  "all": {
    "accuracy": 0.9950089,
    "exact_accuracy": 0.84,
    "lm_loss": 0.03425878,
    "q_halt_accuracy": 0.841,
    "q_halt_loss": 1.6831063,
    "steps": 16.0
  }
}